0000000000001000001100000011000001010000000000000000100000000
0000000000101000011100000011000001010000000001111111000000000
0000000001001000101100000011000001010000000000000011100000000
0000000001101000111100000011000001010000000001111100000000000
0000000010001001001100000011000001010000000000000011000000000
0000000010101001011100000011000001010000000001111100100000000
0000000011001011001111011100000001000000000001100110100000000
0000000011111011001111011100000001000000000000000000000000000
0000000100001011011111011100000001000000000001100110100000000
0000000100101001111111011100000001000000000000000000000100000
0000000101001001111000000000010001010000000001011101000000000
0000000101101010101000000000110111000000000000110111000000000
0000000110001000011011011100000001000000000000000000000100000
0000000110101010111000000000110111000000000001011100000000000
0000000111001001100101000101000000000000000001011101000000000
0000000111101010000111011100000000000000000000110111000000000
0000001000001000010111011100000001000000000000000000000100000
0000001000101010010111011100000000000000000001011100000000000
0000001001010011001111011100000001000000000000000000000000000
0000001001101011000011011100000001000000000000000000000100000
0000001010001100001101100100011001000000000001100100000000000
0000001010101100001111111110000000100000000010000000011000000
0000001011001100011111111010000110010000000001110000100000000
0000001011101100011100000100001010100000000011101101011000000
0000001100001100101100011001000110011000000000011001100000000
0000001100101100101111111010000001011000000010000000011000000
0000001101001100111100101010000001001000000011111111110000000
0000001101101110001111111111111111110000000000000000000000100
0000001110001110001111001000001010000000000000000000000010000
0000001110101110001101011010101000000000000000000000000001000
0000001111001110011100000011000000110000000000001000000000000
0000001111101110101100001000000000100000000000010000000000000
0000010000001101111100010100000001000000000000000000000100000
0000010000101110111111111011110011100000000011100100110010010
0000010001001110111100000010011111110000000001000000101001000
0000010001101110111101111111100000010000000000000000000010001
0000010010001110111101111111111111110000000000111111000010000
0000010010101110111111110110111101100000000011110110010000110
0000010011001111001101111111111111110000000001000000000010000
0000010011101111001100010100011001000000000011011000011001010
0000010100001111001101100100011001000000000000000000000000101
0000010100101111000001100100011001000000000000000000000100000
0000010101001101000101100100000000010000000000110010100000000
0000010101101101010101100100000000010000000000110001100000000
0000010110001100000101100100000000010000000000000000000100000
0000010110101101101011001000011001000000000000110010100000000
0000010111001101111011001000011001000000000000110001100000000
0000010111101100011011001000011001000000000000000000000100000
0000011000001100111101100100110010001000000011111111111000000
0000011000101100111111001000110010001000000011111111111000000
0000011001001110111111111011000010100000000000000010100001000
0000011001101110011111111110111111100111111100000000100000000
0000011010001110011100000110010010000000000011111111100000000
0000011010011010011100000010010101000000000000000000000000000
000001101100110011XX00000000000000001000000000000000001000000
0000011011001100111100000000000000000000000000000000001000000
